00152166
00152214
00152221
00152345
00152409
00152441
00152508
00152777
00152844
00152845
00152878
00152933
00152994
00153030
00153159
00153565
00154810
00154813
00154815
00154817
00155073
00155112
00155116
00155160
00155228
00155280
00155569
00155634
00155669
00155678
00155697
00156682
00158045
00158116
00158269
00158299
00158392
00158443
00158466
00158545
00158548
00158582
00158632
00158801
00158975
00159041
00159086
00159113
00159179
00159202
00159203
00159224
00160387
00160472
00160479
00160530
00160613
00160736
00160800
00160801
00160879
00160899
00160953
00160954
00160958
00160963
00160975
00160980
00161118
00161379
00161407
00161520
00161562
00161948
00162347
00162526
00162576
00162577
00162620
00162623
00162690
00162764
00162843
00162882
00165591
00165632
00165703
00165732
00165767
00165815
00165817
00165818
00165821
00165954
00165956
00166094
00166097
00166142
00166143
00166198
00166305
00166383
00166466
00166658
00166786
00166850
00166856
00166924
00166927
00166964
00167575
00167576
00167607
00167661
00167680
00167776
